cam0:
  T_cam_imu:
  - [ 0.0, -1.0,  0.0, 0.0]
  - [-1.0,  0.0,  0.0, 0.0]
  - [ 0.0,  0.0, -1.0, 0.0]
  - [ 0.0,  0.0,  0.0, 1.0]
  camera_model: pinhole
  camera_name: cam0
  distortion_coeffs: [0, 0, 0, 0]
  distortion_model: radtan
  intrinsics: [1351.3497, 1351.3497, 954.5206, 724.4945]
  resolution: [1920, 1440]
  rostopic: /cam0/image_raw
  timeshift_cam_imu: 0.0
