cam0:
  T_cam_imu:
  - [0.012220317691190656, -0.999873938998382, 0.01013755135066137, 0.058961357536299795]
  - [-0.9996079010487036, -0.011960372826684757, 0.02531785225592852, 0.08373734818161639]
  - [-0.025193411768410737, -0.010442968625234129, -0.9996280490311188, -0.209941755825097]
  - [0.0, 0.0, 0.0, 1.0]
  camera_model: pinhole
  camera_name: cam0
  distortion_coeffs: [0, 0, 0, 0]
  distortion_model: radtan
  intrinsics: [1351.3497, 1351.3497, 954.5206, 724.4945]
  resolution: [1920, 1440]
  rostopic: /cam0/image_raw
  timeshift_cam_imu: 0.03636097332031909
