cam0:
  T_cam_imu:
  - [0.012185092363946295, -0.9998745354124796, 0.010121114452559758, 0.05898976739506969]
  - [-0.9996026159210731, -0.011923222088043837, 0.02554304247321088, 0.08366662656597632]
  - [-0.025419161430526558, -0.010428336814607583, -0.9996224867536001, -0.2094476251056951]
  - [0.0, 0.0, 0.0, 1.0]
  camera_model: pinhole
  camera_name: cam0
  distortion_coeffs: [0, 0, 0, 0]
  distortion_model: radtan
  intrinsics: [1351.3497, 1351.3497, 954.5206, 724.4945]
  resolution: [1920, 1440]
  rostopic: /cam0/image_raw
  timeshift_cam_imu: 0.03636299328470611
